Metrics:
        valid = 0.9991
        unique@1000 = 1.0
        unique@10000 = 0.9997
        FCD/Test = 0.9770302413177916
        SNN/Test = 0.522326049871644
        Frag/Test = 0.9950979926332992
        Scaf/Test = 0.8655089872053796
        FCD/TestSF = 1.5980327517965094
        SNN/TestSF = 0.4996388119246172
        Frag/TestSF = 0.9926974330760409
        Scaf/TestSF = 0.1174452677242035
        IntDiv = 0.8562054073435843
        IntDiv2 = 0.8503170074513857
        Filters = 0.9743769392453208
        logP = 0.02464815889709815
        SA = 0.15781023266502325
        QED = 2.1869624593648385e-05
        NP = 0.0962078166269753
        weight = 8.657725423864576
